6 0.859505 0.025000 0.015365 0.042593
6 0.870443 0.100000 0.027344 0.035185
6 0.987500 0.178935 0.025000 0.347685
6 0.979688 0.458565 0.040625 0.211574
6 0.983203 0.654398 0.033594 0.147685
6 0.971224 0.792593 0.057552 0.106481
6 0.969141 0.932407 0.061719 0.135185
0 0.453776 0.241435 0.009115 0.019907
0 0.455469 0.468750 0.014063 0.016204
0 0.479427 0.375463 0.011458 0.014815
0 0.539583 0.718981 0.010417 0.013889
0 0.275911 0.719213 0.007552 0.013426
0 0.244661 0.838426 0.008073 0.012037
0 0.364974 0.901852 0.005990 0.013889
0 0.442318 0.854630 0.009115 0.009259
0 0.534115 0.894444 0.011979 0.015741
0 0.557552 0.976852 0.009896 0.014815